   Faculty #  Old Salary   Raise %   Pay Raise  New Salary
----------------------------------------------------------
           1    52500.00      0.07     3675.00    56175.00
           2    64029.50      0.07     4482.07    68511.57
           3    56000.00      0.07     3920.00    59920.00
           4    50001.00      0.07     3500.07    53501.07
           5    65500.00      0.07     4585.00    70085.00
           6    42800.00      0.06     2354.00    45154.00
           7    45000.50      0.06     2475.03    47475.53
           8    68900.00      0.07     4823.00    73723.00
           9    60000.00      0.07     4200.00    64200.00
          10    59999.94      0.07     4200.00    64199.94
          11    54120.25      0.07     3788.42    57908.67
          12    64100.95      0.07     4487.07    68588.02
          13    44000.50      0.06     2420.03    46420.53
          14    80100.20      0.04     3204.01    83304.21
          15    90000.00      0.04     3600.00    93600.00
          16    41000.00      0.06     2255.00    43255.00
          17    60000.20      0.07     4200.01    64200.21
          18    49999.99      0.06     2750.00    52749.99
          19    55120.25      0.07     3858.42    58978.67
          20    66100.20      0.07     4627.01    70727.21
          21    60500.50      0.07     4235.04    64735.54
          22    72000.00      0.04     2880.00    74880.00
          23    50000.01      0.07     3500.00    53500.01
          24    50000.00      0.06     2750.00    52750.00
          25    80001.75      0.04     3200.07    83201.82
          26    60001.00      0.07     4200.07    64201.07
          27    70000.01      0.04     2800.00    72800.01
          28    70000.00      0.07     4900.00    74900.00
          29    90002.65      0.04     3600.11    93602.76
          30    45000.00      0.06     2475.00    47475.00
          31   120000.00      0.04     4800.00   124800.00
          32   100000.99      0.04     4000.04   104001.03
          33    80002.59      0.04     3200.10    83202.69
          34    75100.19      0.04     3004.01    78104.20
          35   150000.02      0.04     6000.00   156000.02
          36    85000.95      0.04     3400.04    88400.99
----------------------------------------------------------


Total amount of raises:       $     132,348.59
Average of raises:            $       3,676.35

Total payroll before raise:   $   2,426,884.14
Total payroll after raise:    $   2,559,232.73

Average payroll before raise: $      67,413.45
Average payroll after raise:  $      71,089.80

